FULL RESULTS DICTIONARY
================================================================================
{'Plurality': {'winner_changes': 24,
               'btva_happiness': [0.43880952380952376,
                                  0.45178571428571423,
                                  0.4639285714285714,
                                  0.5229761904761905,
                                  0.4280952380952382,
                                  0.503452380952381,
                                  0.5129761904761905,
                                  0.37904761904761913,
                                  0.36928571428571433,
                                  0.4459523809523809,
                                  0.5002380952380951,
                                  0.5413095238095237,
                                  0.4897619047619046,
                                  0.5001190476190477,
                                  0.5671428571428571,
                                  0.4146428571428572,
                                  0.46976190476190477,
                                  0.5629761904761905,
                                  0.5109523809523809,
                                  0.365357142857143,
                                  0.46642857142857147,
                                  0.45273809523809516,
                                  0.4154761904761905,
                                  0.42928571428571427,
                                  0.4579761904761905,
                                  0.39404761904761915,
                                  0.49440476190476196,
                                  0.42214285714285715,
                                  0.3897619047619047,
                                  0.5563095238095237,
                                  0.37523809523809526,
                                  0.4826190476190476,
                                  0.35321428571428576,
                                  0.5001190476190478,
                                  0.41369047619047616,
                                  0.4655952380952382,
                                  0.44904761904761925,
                                  0.4564285714285714,
                                  0.4854761904761905,
                                  0.39595238095238094,
                                  0.35857142857142865,
                                  0.38654761904761903,
                                  0.34714285714285714,
                                  0.5264285714285715,
                                  0.4471428571428572,
                                  0.49142857142857144,
                                  0.48964285714285716,
                                  0.428452380952381,
                                  0.4186904761904763,
                                  0.46761904761904755],
               'avg_happiness_changes': [0.02749999999999997,
                                         0.0,
                                         0.012619047619047585,
                                         0.0,
                                         -0.04452380952380941,
                                         0.0,
                                         0.0,
                                         -0.08595238095238089,
                                         -0.05369047619047618,
                                         0.0,
                                         0.0,
                                         0.0,
                                         0.0,
                                         0.0,
                                         0.0,
                                         0.016904761904761978,
                                         0.0,
                                         0.0,
                                         0.0,
                                         0.041666666666666685,
                                         0.026309523809523783,
                                         0.0,
                                         -0.0027380952380952617,
                                         0.0,
                                         0.0,
                                         -0.05023809523809514,
                                         0.0,
                                         -0.06166666666666665,
                                         -0.05869047619047624,
                                         0.0,
                                         -0.03607142857142859,
                                         0.0,
                                         -0.031785714285714195,
                                         0.0,
                                         -0.02619047619047621,
                                         0.0,
                                         -0.013333333333333086,
                                         0.008809523809523767,
                                         0.0,
                                         -0.10976190476190467,
                                         0.011666666666666659,
                                         0.013690476190476197,
                                         -0.11166666666666675,
                                         0.0,
                                         0.019761904761904703,
                                         0.0,
                                         0.0,
                                         -0.012023809523809437,
                                         0.0,
                                         0.03404761904761894],
               'strategic_voter_changes': [12,
                                           12,
                                           12,
                                           13,
                                           10,
                                           13,
                                           14,
                                           11,
                                           13,
                                           12,
                                           14,
                                           12,
                                           11,
                                           13,
                                           13,
                                           14,
                                           13,
                                           13,
                                           13,
                                           14,
                                           11,
                                           13,
                                           12,
                                           14,
                                           13,
                                           12,
                                           13,
                                           9,
                                           11,
                                           13,
                                           9,
                                           12,
                                           10,
                                           14,
                                           11,
                                           12,
                                           11,
                                           12,
                                           11,
                                           9,
                                           15,
                                           12,
                                           10,
                                           12,
                                           13,
                                           12,
                                           12,
                                           12,
                                           13,
                                           10],
               'gain_per_strategic_voter': [0.002115384615384613,
                                            0.0,
                                            0.0009706959706959681,
                                            0.0,
                                            -0.004047619047619037,
                                            0.0,
                                            0.0,
                                            -0.007162698412698408,
                                            -0.003835034013605441,
                                            0.0,
                                            0.0,
                                            0.0,
                                            0.0,
                                            0.0,
                                            0.0,
                                            0.001126984126984132,
                                            0.0,
                                            0.0,
                                            0.0,
                                            0.002777777777777779,
                                            0.0021924603174603152,
                                            0.0,
                                            -0.00021062271062271244,
                                            0.0,
                                            0.0,
                                            -0.0038644688644688566,
                                            0.0,
                                            -0.006166666666666665,
                                            -0.0048908730158730195,
                                            0.0,
                                            -0.0036071428571428587,
                                            0.0,
                                            -0.002889610389610381,
                                            0.0,
                                            -0.002182539682539684,
                                            0.0,
                                            -0.0011111111111110905,
                                            0.0006776556776556744,
                                            0.0,
                                            -0.010976190476190468,
                                            0.0007291666666666662,
                                            0.0010531135531135537,
                                            -0.01015151515151516,
                                            0.0,
                                            0.0014115646258503359,
                                            0.0,
                                            0.0,
                                            -0.0009249084249084182,
                                            0.0,
                                            0.0030952380952380854],
               'total_situations': 50},
 'Voting for Two': {'winner_changes': 21,
                    'btva_happiness': [0.35345238095238096,
                                       0.3801190476190477,
                                       0.4513095238095238,
                                       0.5229761904761905,
                                       0.4726190476190476,
                                       0.389404761904762,
                                       0.45630952380952383,
                                       0.465,
                                       0.4229761904761905,
                                       0.4459523809523809,
                                       0.5002380952380951,
                                       0.5413095238095237,
                                       0.4897619047619046,
                                       0.5001190476190477,
                                       0.5671428571428571,
                                       0.4217857142857143,
                                       0.3979761904761905,
                                       0.5629761904761905,
                                       0.5109523809523809,
                                       0.42714285714285716,
                                       0.35892857142857154,
                                       0.4165476190476191,
                                       0.3921428571428572,
                                       0.3494047619047619,
                                       0.4579761904761905,
                                       0.43797619047619046,
                                       0.47964285714285715,
                                       0.4838095238095238,
                                       0.42595238095238097,
                                       0.5563095238095237,
                                       0.46749999999999997,
                                       0.4826190476190476,
                                       0.41380952380952385,
                                       0.5001190476190478,
                                       0.4149999999999999,
                                       0.4655952380952382,
                                       0.46238095238095234,
                                       0.44761904761904764,
                                       0.4854761904761905,
                                       0.4666666666666666,
                                       0.42595238095238097,
                                       0.41940476190476195,
                                       0.4588095238095239,
                                       0.5264285714285715,
                                       0.4471428571428572,
                                       0.43059523809523814,
                                       0.4030952380952382,
                                       0.3714285714285715,
                                       0.4204761904761905,
                                       0.4335714285714286],
                    'avg_happiness_changes': [-0.0853571428571428,
                                              0.0,
                                              -0.012619047619047585,
                                              0.0,
                                              0.0,
                                              -0.07214285714285718,
                                              0.0,
                                              0.0,
                                              0.028214285714285747,
                                              0.0,
                                              0.0,
                                              0.0,
                                              0.0,
                                              0.07583333333333342,
                                              0.0,
                                              0.0,
                                              0.0,
                                              0.0,
                                              0.0,
                                              0.0,
                                              -0.08119047619047615,
                                              0.0,
                                              0.0,
                                              -0.06690476190476191,
                                              0.07869047619047614,
                                              -0.049404761904761896,
                                              0.0,
                                              0.0,
                                              -0.022499999999999964,
                                              0.0,
                                              0.0,
                                              0.10357142857142854,
                                              -0.031785714285714195,
                                              0.0,
                                              -0.02619047619047621,
                                              0.04416666666666674,
                                              0.05892857142857133,
                                              -0.008809523809523767,
                                              0.0,
                                              0.0,
                                              0.0,
                                              -0.013690476190476197,
                                              0.0,
                                              0.08797619047619043,
                                              0.0,
                                              0.0,
                                              -0.08654761904761898,
                                              -0.05702380952380948,
                                              0.0,
                                              -0.03404761904761894],
                    'strategic_voter_changes': [11,
                                                11,
                                                11,
                                                13,
                                                11,
                                                12,
                                                8,
                                                12,
                                                12,
                                                12,
                                                14,
                                                12,
                                                11,
                                                11,
                                                13,
                                                11,
                                                11,
                                                13,
                                                13,
                                                11,
                                                11,
                                                10,
                                                12,
                                                12,
                                                11,
                                                11,
                                                8,
                                                10,
                                                11,
                                                13,
                                                10,
                                                10,
                                                10,
                                                14,
                                                11,
                                                11,
                                                11,
                                                11,
                                                11,
                                                10,
                                                9,
                                                11,
                                                11,
                                                11,
                                                12,
                                                10,
                                                11,
                                                11,
                                                11,
                                                9],
                    'gain_per_strategic_voter': [-0.0071130952380952335,
                                                 0.0,
                                                 -0.0010515873015872988,
                                                 0.0,
                                                 0.0,
                                                 -0.005549450549450552,
                                                 0.0,
                                                 0.0,
                                                 0.0021703296703296728,
                                                 0.0,
                                                 0.0,
                                                 0.0,
                                                 0.0,
                                                 0.006319444444444451,
                                                 0.0,
                                                 0.0,
                                                 0.0,
                                                 0.0,
                                                 0.0,
                                                 0.0,
                                                 -0.0067658730158730125,
                                                 0.0,
                                                 0.0,
                                                 -0.005146520146520147,
                                                 0.006557539682539679,
                                                 -0.004117063492063491,
                                                 0.0,
                                                 0.0,
                                                 -0.0018749999999999971,
                                                 0.0,
                                                 0.0,
                                                 0.009415584415584412,
                                                 -0.002889610389610381,
                                                 0.0,
                                                 -0.002182539682539684,
                                                 0.003680555555555562,
                                                 0.004910714285714278,
                                                 -0.0007341269841269806,
                                                 0.0,
                                                 0.0,
                                                 0.0,
                                                 -0.0011408730158730164,
                                                 0.0,
                                                 0.0073313492063492025,
                                                 0.0,
                                                 0.0,
                                                 -0.007212301587301582,
                                                 -0.004751984126984123,
                                                 0.0,
                                                 -0.003404761904761894],
                    'total_situations': 50},
 'Anti-Plurality': {'winner_changes': 37,
                    'btva_happiness': [0.43880952380952376,
                                       0.3801190476190477,
                                       0.4513095238095238,
                                       0.31678571428571434,
                                       0.38261904761904764,
                                       0.503452380952381,
                                       0.3175,
                                       0.465,
                                       0.4229761904761905,
                                       0.3801190476190476,
                                       0.3354761904761905,
                                       0.5413095238095237,
                                       0.3084523809523809,
                                       0.2942857142857143,
                                       0.3513095238095239,
                                       0.4146428571428572,
                                       0.3346428571428572,
                                       0.320952380952381,
                                       0.39928571428571435,
                                       0.42714285714285716,
                                       0.4401190476190477,
                                       0.38761904761904764,
                                       0.4154761904761905,
                                       0.42928571428571427,
                                       0.4029761904761905,
                                       0.29964285714285716,
                                       0.3442857142857144,
                                       0.42214285714285715,
                                       0.42595238095238097,
                                       0.5563095238095237,
                                       0.46749999999999997,
                                       0.4826190476190476,
                                       0.41380952380952385,
                                       0.38666666666666666,
                                       0.4149999999999999,
                                       0.34916666666666674,
                                       0.403452380952381,
                                       0.37333333333333335,
                                       0.29178571428571437,
                                       0.4666666666666666,
                                       0.3876190476190477,
                                       0.32678571428571435,
                                       0.35130952380952385,
                                       0.43845238095238104,
                                       0.4471428571428572,
                                       0.2751190476190476,
                                       0.48964285714285716,
                                       0.428452380952381,
                                       0.38547619047619053,
                                       0.3329761904761904],
                    'avg_happiness_changes': [0.02749999999999997,
                                              -0.017857142857142794,
                                              0.0,
                                              -0.18154761904761907,
                                              -0.04452380952380941,
                                              -0.054880952380952364,
                                              0.0,
                                              0.0,
                                              -0.036904761904761996,
                                              -0.0658333333333333,
                                              -0.05654761904761901,
                                              0.0,
                                              0.16380952380952363,
                                              -0.01773809523809522,
                                              -0.21583333333333315,
                                              0.0,
                                              -0.15702380952380945,
                                              -0.24202380952380953,
                                              -0.06071428571428572,
                                              -0.07726190476190475,
                                              0.0,
                                              0.06928571428571434,
                                              0.10083333333333339,
                                              0.012976190476190474,
                                              -0.1294047619047619,
                                              -0.1383333333333333,
                                              -0.13535714285714273,
                                              -0.06404761904761908,
                                              -0.022499999999999964,
                                              0.10416666666666657,
                                              0.0,
                                              0.07880952380952372,
                                              0.0,
                                              0.0,
                                              0.0,
                                              0.0,
                                              0.17357142857142877,
                                              0.0,
                                              -0.19369047619047614,
                                              0.0,
                                              -0.06988095238095232,
                                              0.01261904761904764,
                                              0.01964285714285724,
                                              -0.03321428571428575,
                                              -0.04940476190476195,
                                              -0.145595238095238,
                                              0.025119047619047652,
                                              -0.09071428571428564,
                                              0.010000000000000064,
                                              -0.14654761904761898],
                    'strategic_voter_changes': [12,
                                                13,
                                                13,
                                                12,
                                                10,
                                                11,
                                                11,
                                                12,
                                                12,
                                                11,
                                                14,
                                                12,
                                                12,
                                                13,
                                                12,
                                                14,
                                                12,
                                                12,
                                                13,
                                                14,
                                                12,
                                                12,
                                                9,
                                                12,
                                                12,
                                                12,
                                                7,
                                                13,
                                                11,
                                                11,
                                                10,
                                                13,
                                                12,
                                                14,
                                                12,
                                                15,
                                                12,
                                                16,
                                                10,
                                                10,
                                                14,
                                                15,
                                                16,
                                                13,
                                                12,
                                                13,
                                                12,
                                                12,
                                                15,
                                                12],
                    'gain_per_strategic_voter': [0.002115384615384613,
                                                 -0.0012755102040816282,
                                                 0.0,
                                                 -0.013965201465201468,
                                                 -0.004047619047619037,
                                                 -0.004573412698412697,
                                                 0.0,
                                                 0.0,
                                                 -0.0028388278388278457,
                                                 -0.005486111111111108,
                                                 -0.0037698412698412677,
                                                 0.0,
                                                 0.012600732600732587,
                                                 -0.001267006802721087,
                                                 -0.01660256410256409,
                                                 0.0,
                                                 -0.012078754578754573,
                                                 -0.018617216117216118,
                                                 -0.004336734693877552,
                                                 -0.005150793650793651,
                                                 0.0,
                                                 0.0053296703296703335,
                                                 0.010083333333333338,
                                                 0.000998168498168498,
                                                 -0.009954212454212455,
                                                 -0.010641025641025639,
                                                 -0.01691964285714284,
                                                 -0.004574829931972791,
                                                 -0.0018749999999999971,
                                                 0.008680555555555547,
                                                 0.0,
                                                 0.005629251700680266,
                                                 0.0,
                                                 0.0,
                                                 0.0,
                                                 0.0,
                                                 0.013351648351648367,
                                                 0.0,
                                                 -0.017608225108225104,
                                                 0.0,
                                                 -0.004658730158730155,
                                                 0.0007886904761904776,
                                                 0.0011554621848739552,
                                                 -0.0023724489795918396,
                                                 -0.0038003663003663038,
                                                 -0.010399659863945572,
                                                 0.0019322344322344348,
                                                 -0.006978021978021972,
                                                 0.000625000000000004,
                                                 -0.011272893772893767],
                    'total_situations': 50},
 'Borda': {'winner_changes': 22,
           'btva_happiness': [0.43880952380952376,
                              0.45178571428571423,
                              0.4513095238095238,
                              0.5229761904761905,
                              0.4726190476190476,
                              0.4313095238095238,
                              0.45630952380952383,
                              0.465,
                              0.3991666666666668,
                              0.3801190476190476,
                              0.4342857142857143,
                              0.5413095238095237,
                              0.4897619047619046,
                              0.5001190476190477,
                              0.5671428571428571,
                              0.4146428571428572,
                              0.3979761904761905,
                              0.5629761904761905,
                              0.5109523809523809,
                              0.4413095238095238,
                              0.46642857142857147,
                              0.42428571428571427,
                              0.4154761904761905,
                              0.42928571428571427,
                              0.4579761904761905,
                              0.43797619047619046,
                              0.47964285714285715,
                              0.4838095238095238,
                              0.44845238095238094,
                              0.4521428571428571,
                              0.46749999999999997,
                              0.4826190476190476,
                              0.4367857142857143,
                              0.5001190476190478,
                              0.4149999999999999,
                              0.42142857142857143,
                              0.44904761904761925,
                              0.4564285714285714,
                              0.4854761904761905,
                              0.4666666666666666,
                              0.42595238095238097,
                              0.41940476190476195,
                              0.4588095238095239,
                              0.5264285714285715,
                              0.4133333333333334,
                              0.43059523809523814,
                              0.48964285714285716,
                              0.4404761904761904,
                              0.4204761904761905,
                              0.46761904761904755],
           'avg_happiness_changes': [0.0,
                                     0.05380952380952375,
                                     -0.012619047619047585,
                                     0.0,
                                     -0.09369047619047616,
                                     0.0,
                                     -0.05666666666666664,
                                     0.0,
                                     -0.023809523809523725,
                                     -0.023333333333333428,
                                     -0.06595238095238087,
                                     0.0,
                                     0.0,
                                     0.07583333333333342,
                                     0.0,
                                     -0.0071428571428571175,
                                     -0.02749999999999997,
                                     0.0,
                                     0.0,
                                     0.01416666666666666,
                                     0.0,
                                     0.0,
                                     0.023333333333333317,
                                     -0.019047619047618924,
                                     0.0,
                                     0.0,
                                     0.0,
                                     0.0,
                                     0.0,
                                     -0.10416666666666657,
                                     0.0,
                                     0.0,
                                     0.022976190476190428,
                                     0.0,
                                     0.0,
                                     -0.0045238095238095966,
                                     0.045595238095238244,
                                     -0.07428571428571429,
                                     0.0,
                                     0.0,
                                     0.0,
                                     -0.013690476190476197,
                                     0.0,
                                     0.08797619047619043,
                                     0.0,
                                     -0.060833333333333295,
                                     0.0,
                                     0.012023809523809437,
                                     0.0,
                                     0.0],
           'strategic_voter_changes': [12,
                                       13,
                                       11,
                                       13,
                                       11,
                                       12,
                                       13,
                                       12,
                                       13,
                                       12,
                                       13,
                                       12,
                                       11,
                                       11,
                                       13,
                                       10,
                                       12,
                                       13,
                                       13,
                                       10,
                                       12,
                                       12,
                                       11,
                                       14,
                                       13,
                                       13,
                                       8,
                                       10,
                                       12,
                                       12,
                                       10,
                                       12,
                                       11,
                                       14,
                                       12,
                                       12,
                                       11,
                                       12,
                                       11,
                                       10,
                                       9,
                                       11,
                                       11,
                                       11,
                                       13,
                                       11,
                                       12,
                                       11,
                                       11,
                                       10],
           'gain_per_strategic_voter': [0.0,
                                        0.0038435374149659823,
                                        -0.0010515873015872988,
                                        0.0,
                                        -0.008517316017316014,
                                        0.0,
                                        -0.0040476190476190456,
                                        0.0,
                                        -0.0017006802721088374,
                                        -0.0017948717948718022,
                                        -0.004710884353741491,
                                        0.0,
                                        0.0,
                                        0.006319444444444451,
                                        0.0,
                                        -0.0006493506493506471,
                                        -0.002115384615384613,
                                        0.0,
                                        0.0,
                                        0.0012878787878787873,
                                        0.0,
                                        0.0,
                                        0.001944444444444443,
                                        -0.0012698412698412616,
                                        0.0,
                                        0.0,
                                        0.0,
                                        0.0,
                                        0.0,
                                        -0.008012820512820505,
                                        0.0,
                                        0.0,
                                        0.0019146825396825357,
                                        0.0,
                                        0.0,
                                        -0.00034798534798535357,
                                        0.003799603174603187,
                                        -0.005714285714285714,
                                        0.0,
                                        0.0,
                                        0.0,
                                        -0.0011408730158730164,
                                        0.0,
                                        0.0073313492063492025,
                                        0.0,
                                        -0.0050694444444444415,
                                        0.0,
                                        0.0010019841269841197,
                                        0.0,
                                        0.0],
           'total_situations': 50}}

SUMMARY RESULTS
================================================================================
Plurality
Winner Change Rate = 48.00%
BTVA Avg H = 0.453
Delta Avg H (ATVA-4) = -0.010
Delta Avg # Strategic Voters = 12.100
Gain per Strategic Voter = -0.001

Voting for Two
Winner Change Rate = 42.00%
BTVA Avg H = 0.452
Delta Avg H (ATVA-4) = -0.003
Delta Avg # Strategic Voters = 11.140
Gain per Strategic Voter = -0.000

Anti-Plurality
Winner Change Rate = 74.00%
BTVA Avg H = 0.396
Delta Avg H (ATVA-4) = -0.033
Delta Avg # Strategic Voters = 12.280
Gain per Strategic Voter = -0.003

Borda
Winner Change Rate = 44.00%
BTVA Avg H = 0.458
Delta Avg H (ATVA-4) = -0.005
Delta Avg # Strategic Voters = 11.640
Gain per Strategic Voter = -0.000

